100
9682616
9999930
3877633
9999163
6
4936439
5
3949061
9999996
9309119
4572049
8460583
983469
6704676
3702389
2872729
9999161
592432
2044523
6697461
4
5094841
8873129
6735763
5103067
8697851
11
9325574
9999991
7742461
5331653
1
9987391
8763892
9999929
2196613
8248729
9999995
6716541
9999931
1481717
4461643
3023326
3910981
12
13
9999973
7
1862603
5388168
10000000
928009
6987083
4125389
615403
8291470
2360890
6865010
9999972
86293
3132736
9516811
3929879
4046177
9999999
559513
7762723
4170220
3323191
3
8237213
3410821
390548
4461641
7551991
4461642
3191803
5001361
4751053
9999998
9999997
9
1281246
6513281
1221469
8
9999162
9999971
1264969
140839
8184167
1144
7203246
2295773
2610613
9010879
9971849
2
10
6537523
